0.9271209999999999
0.9271209999999999
0.9271209999999999
0.9271209999999999
0.9271209999999999
0.9271209999999999
0.9271209999999999
0.9271209999999999
0.9271209999999999
0.9271209999999999
0.9271209999999999
0.9271209999999999
0.9271209999999999
0.9271209999999999
0.9271209999999999
0.9271209999999999
0.9271209999999999
0.9271209999999999
0.9271209999999999
0.9271209999999999
0.9271209999999999
0.9271209999999999
0.9271209999999999
0.9271209999999999
0.9271209999999999
0.9271209999999999
0.9271209999999999
0.9271209999999999
0.9271209999999999
0.9271209999999999
0.9271209999999999
0.9271209999999999
0.9271209999999999
0.9271209999999999
0.9271209999999999
0.9271209999999999
0.9271209999999999
0.9271209999999999
0.9271209999999999
0.9271209999999999
0.9271209999999999
0.9271209999999999
0.9271209999999999
0.9271209999999999
0.9271209999999999
0.9271209999999999
0.9271209999999999
0.9271209999999999
0.9271209999999999
0.9271209999999999
0.9271209999999999
0.9271209999999999
0.9271209999999999
0.9271209999999999
0.9271209999999999
0.9271209999999999
0.9271209999999999
0.9271209999999999
0.9271209999999999
0.9271209999999999
0.9271209999999999
0.9271209999999999
0.9271209999999999
0.9271209999999999
0.9271209999999999
0.9271209999999998
0.9271209999999994
0.9271209999999985
0.927120999999996
0.927120999999989
0.9271209999999693
0.927120999999915
0.9271209999997645
0.927120999999346
0.9271209999981843
0.9271209999949583
0.9271209999860007
0.9271209999611277
0.9271209998920619
0.9271209997002836
0.9271209991677644
0.9271209976890944
0.9271209935832062
0.9271209821822044
0.9271209505245404
0.9271208626193274
0.9271206185292382
0.9271199407551356
0.9271180587626846
0.9271128330508499
0.9270983233570022
0.927058039598913
0.9269462277782188
0.9266361082309054
0.9257777001561753
0.9234148516584022
0.9170095154446302
0.9003413172417936
0.8612163721556423
0.7880366791975096
0.6953569208024902
0.6221772278443576
0.5830522827582063
0.5663840845553697
0.5599787483415977
0.5576158998438245
0.5567574917690945
0.5564473722217811
0.5563355604010869
0.5562952766429977
0.55628076694915
0.5562755412373153
0.5562736592448643
0.5562729814707617
0.5562727373806725
0.5562726494754595
0.5562726178177955
0.5562726064167937
0.5562726023109055
0.5562726008322355
0.5562726002997163
0.556272600107938
0.5562726000388721
0.5562726000139991
0.5562726000050415
0.5562726000018156
0.5562726000006538
0.5562726000002354
0.5562726000000848
0.5562726000000305
0.5562726000000109
0.5562726000000039
0.5562726000000013
0.5562726000000005
0.5562726000000001
0.5562726
0.5562726
0.5562726
0.5562726
0.5562726
0.5562726
0.5562726
0.5562726
0.5562726
0.5562726
0.5562726
0.5562726
0.5562726
0.5562726
0.5562726
0.5562726
0.5562726
0.5562726
0.5562726
0.5562726
0.5562726
0.5562726
0.5562726
0.5562726
0.5562726
0.5562726
0.5562726
0.5562726
0.5562726
0.5562726
0.5562726
0.5562726
0.5562726
0.5562726
0.5562726
0.5562726
0.5562726
0.5562726
0.5562726
0.5562726
0.5562726
0.5562726
0.5562726
0.5562726
0.5562726
0.5562726
0.5562726
0.5562726
0.5562726
0.5562726
0.5562726
0.5562726
0.5562726
0.5562726
0.5562726
0.5562726
0.5562726
0.5562726
0.5562726
0.5562726
0.5562726
0.5562726
0.5562726
0.5562726
0.5562726
